Chromosome Length: 20
Population Size: 100
Mutation Probability: 0.050000
Crossover Probability: 0.650000
Elitism Rate: 0.050000
Recombination Rate: 0.050000
Additional Parameters:
-crossover_ratio: 0.250000
-gene_mutation_rate: 0.100000
-range_max: 5.120000
-range_min: -5.120000
-relative_mutation_size: 0.050000
-tournament_size: 2.000000


Test size: 100000
Section Size: 100
Max Evaluations: 100000


100;0.000000
200;0.000000
300;0.000000
400;0.000000
500;0.000000
600;0.000000
700;0.000000
800;0.000000
900;0.000000
1000;0.000000
1100;0.000000
1200;0.000000
1300;0.000000
1400;0.000000
1500;0.000000
1600;0.000000
1700;0.000000
1800;0.000000
1900;0.000000
2000;0.000000
2100;0.000000
2200;0.000000
2300;0.000000
2400;0.000000
2500;0.000000
2600;0.000000
2700;0.000000
2800;0.000000
2900;0.000000
3000;0.000000
3100;0.000000
3200;0.000000
3300;0.000000
3400;0.000000
3500;0.000000
3600;0.000000
3700;0.000000
3800;0.000000
3900;0.000000
4000;0.000000
4100;0.000000
4200;0.000000
4300;0.000000
4400;0.000000
4500;0.000000
4600;0.000000
4700;0.000000
4800;0.000000
4900;0.000000
5000;0.000000
5100;0.000000
5200;0.000000
5300;0.000000
5400;0.000000
5500;0.000000
5600;0.000000
5700;0.000000
5800;0.000000
5900;0.000000
6000;0.000000
6100;0.000000
6200;0.000000
6300;0.000000
6400;0.000000
6500;0.000000
6600;0.000000
6700;0.000000
6800;0.000000
6900;0.000000
7000;0.000000
7100;0.000000
7200;0.000000
7300;0.000000
7400;0.000000
7500;0.000000
7600;0.000000
7700;0.000000
7800;0.000000
7900;0.000000
8000;0.000000
8100;0.000000
8200;0.000000
8300;0.000000
8400;0.000000
8500;0.000000
8600;0.000000
8700;0.000000
8800;0.000000
8900;0.000000
9000;0.000000
9100;0.000000
9200;0.000000
9300;0.000000
9400;0.000000
9500;0.000000
9600;0.000000
9700;0.000000
9800;0.000000
9900;0.000000
10000;0.000000
10100;0.000000
10200;0.000000
10300;0.000000
10400;0.000000
10500;0.000000
10600;0.000000
10700;0.000000
10800;0.000000
10900;0.000000
11000;0.000000
11100;0.000000
11200;0.000000
11300;0.000000
11400;0.000000
11500;0.000000
11600;0.000000
11700;0.000000
11800;0.000000
11900;0.000000
12000;0.000000
12100;0.000000
12200;0.000000
12300;0.000000
12400;0.000000
12500;0.000000
12600;0.000000
12700;0.000000
12800;0.000000
12900;0.000000
13000;0.000000
13100;0.000000
13200;0.000000
13300;0.000000
13400;0.000000
13500;0.000000
13600;0.000000
13700;0.000000
13800;0.000000
13900;0.000000
14000;0.000000
14100;0.000000
14200;0.000000
14300;0.000000
14400;0.000000
14500;0.000000
14600;0.000000
14700;0.000000
14800;0.000000
14900;0.000000
15000;0.000000
15100;0.000000
15200;0.000000
15300;0.000000
15400;0.000000
15500;0.000000
15600;0.000000
15700;0.000000
15800;0.000000
15900;0.000000
16000;0.000000
16100;0.000010
16200;0.000000
16300;0.000000
16400;0.000000
16500;0.000000
16600;0.000000
16700;0.000020
16800;0.000010
16900;0.000000
17000;0.000030
17100;0.000010
17200;0.000030
17300;0.000040
17400;0.000020
17500;0.000040
17600;0.000060
17700;0.000030
17800;0.000040
17900;0.000060
18000;0.000080
18100;0.000080
18200;0.000150
18300;0.000110
18400;0.000220
18500;0.000240
18600;0.000260
18700;0.000290
18800;0.000350
18900;0.000340
19000;0.000390
19100;0.000390
19200;0.000690
19300;0.000530
19400;0.000560
19500;0.000810
19600;0.000940
19700;0.001200
19800;0.001380
19900;0.001450
20000;0.001720
20100;0.001760
20200;0.002020
20300;0.002320
20400;0.002670
20500;0.002740
20600;0.003150
20700;0.003400
20800;0.003640
20900;0.004000
21000;0.004350
21100;0.005110
21200;0.005640
21300;0.006300
21400;0.006560
21500;0.006730
21600;0.007860
21700;0.007780
21800;0.008130
21900;0.009110
22000;0.009500
22100;0.010500
22200;0.010770
22300;0.011180
22400;0.011340
22500;0.013330
22600;0.013860
22700;0.013810
22800;0.013810
22900;0.014810
23000;0.015470
23100;0.015980
23200;0.016250
23300;0.015930
23400;0.018080
23500;0.017800
23600;0.018570
23700;0.018180
23800;0.018020
23900;0.018090
24000;0.019200
24100;0.019020
24200;0.019130
24300;0.019370
24400;0.019700
24500;0.018380
24600;0.019990
24700;0.019000
24800;0.019300
24900;0.019500
25000;0.018270
25100;0.018810
25200;0.018290
25300;0.017590
25400;0.016960
25500;0.016590
25600;0.015930
25700;0.015360
25800;0.015170
25900;0.014950
26000;0.014640
26100;0.013830
26200;0.013180
26300;0.012770
26400;0.011740
26500;0.011800
26600;0.011040
26700;0.010320
26800;0.009890
26900;0.009900
27000;0.008790
27100;0.008680
27200;0.008090
27300;0.007600
27400;0.006510
27500;0.006840
27600;0.006260
27700;0.005870
27800;0.005040
27900;0.005110
28000;0.004150
28100;0.004360
28200;0.003820
28300;0.003250
28400;0.003090
28500;0.002730
28600;0.002660
28700;0.002550
28800;0.002180
28900;0.001980
29000;0.001850
29100;0.001610
29200;0.001480
29300;0.001330
29400;0.001430
29500;0.001080
29600;0.001220
29700;0.000990
29800;0.000790
29900;0.001020
30000;0.000750
30100;0.000600
30200;0.000720
30300;0.000540
30400;0.000440
30500;0.000510
30600;0.000520
30700;0.000360
30800;0.000290
30900;0.000210
31000;0.000240
31100;0.000180
31200;0.000190
31300;0.000170
31400;0.000110
31500;0.000110
31600;0.000030
31700;0.000110
31800;0.000120
31900;0.000080
32000;0.000060
32100;0.000080
32200;0.000050
32300;0.000020
32400;0.000040
32500;0.000040
32600;0.000020
32700;0.000010
32800;0.000020
32900;0.000020
33000;0.000010
33100;0.000010
33200;0.000030
33300;0.000020
33400;0.000030
33500;0.000020
33600;0.000000
33700;0.000010
33800;0.000020
33900;0.000020
34000;0.000010
34100;0.000000
34200;0.000010
34300;0.000020
34400;0.000000
34500;0.000010
34600;0.000000
34700;0.000000
34800;0.000020
34900;0.000000
35000;0.000000
35100;0.000000
35200;0.000000
35300;0.000000
35400;0.000000
35500;0.000010
