Chromosome Length: 5
Population Size: 100
Mutation Probability: 0.150000
Crossover Probability: 0.650000
Elitism Rate: 0.050000
Recombination Rate: 0.000000
Additional Parameters:
-crossover_ratio: 0.250000
-gene_mutation_rate: 0.150000
-range_max: 5.120000
-range_min: -5.120000
-relative_mutation_size: 0.100000
-tournament_size: 2.000000


Test size: 100000
Snapshot Period: 1000
Evaluations: 50000


FITNESS STATS:
Evaluations;Average;Standard Deviation;Min;Q1;Median(Q2);Q3;Max
0;-85.660278;23.754726;-201.015152;-108.074066;-92.358704;-76.889847;-4.381432
1000;-21.518076;16.244143;-135.151123;-28.051552;-15.271061;-9.799000;-0.071461
2000;-6.710886;7.388557;-108.746399;-7.784945;-4.780098;-3.191484;-0.003101
3000;-5.409687;6.832367;-100.403961;-5.157551;-2.942219;-1.800396;-0.000626
4000;-3.547702;6.134073;-104.675186;-3.174761;-1.789028;-1.056717;-0.000103
5000;-3.011760;5.522898;-98.899155;-2.062153;-1.067425;-0.188690;-0.000008
6000;-2.242842;5.208219;-96.125275;-1.123791;-0.237804;-0.051613;-0.000000
7000;-1.639993;5.012578;-90.026505;-0.999664;-0.068722;-0.019299;-0.000000
8000;-1.403938;4.862877;-91.841782;-0.123486;-0.030216;-0.008865;-0.000000
9000;-1.286100;4.781675;-87.131500;-0.057358;-0.016335;-0.004650;-0.000000
10000;-1.229873;4.744951;-80.857147;-0.033569;-0.009796;-0.002731;-0.000000
11000;-1.206111;4.723272;-93.988213;-0.022095;-0.006447;-0.001736;-0.000000
12000;-1.195746;4.714346;-90.882248;-0.015549;-0.004421;-0.001171;-0.000000
13000;-1.188977;4.708857;-86.913452;-0.011444;-0.003181;-0.000809;-0.000000
14000;-1.188055;4.711347;-95.525742;-0.008652;-0.002361;-0.000572;-0.000000
15000;-1.188237;4.710925;-85.686562;-0.006691;-0.001801;-0.000420;-0.000000
16000;-1.190052;4.719599;-81.610283;-0.005291;-0.001389;-0.000313;-0.000000
17000;-1.189578;4.715404;-93.285675;-0.004227;-0.001095;-0.000240;-0.000000
18000;-1.188665;4.714911;-90.594406;-0.003441;-0.000870;-0.000187;-0.000000
19000;-1.189204;4.719614;-95.485565;-0.002819;-0.000702;-0.000145;-0.000000
20000;-1.184229;4.704318;-89.926819;-0.002346;-0.000572;-0.000114;-0.000000
21000;-1.187554;4.711260;-85.533455;-0.001972;-0.000473;-0.000092;-0.000000
22000;-1.189250;4.717100;-87.191612;-0.001663;-0.000393;-0.000076;-0.000000
23000;-1.187856;4.711339;-96.609451;-0.001415;-0.000328;-0.000061;-0.000000
24000;-1.188438;4.718742;-91.949928;-0.001221;-0.000275;-0.000050;-0.000000
25000;-1.187341;4.714609;-94.167679;-0.001053;-0.000237;-0.000042;-0.000000
26000;-1.189003;4.712303;-85.336853;-0.000916;-0.000202;-0.000034;-0.000000
27000;-1.187039;4.709151;-92.547485;-0.000801;-0.000175;-0.000031;-0.000000
28000;-1.186023;4.706686;-88.989685;-0.000702;-0.000153;-0.000027;-0.000000
29000;-1.187806;4.713349;-87.375992;-0.000618;-0.000130;-0.000023;-0.000000
30000;-1.188826;4.714919;-94.997055;-0.000546;-0.000114;-0.000019;-0.000000
31000;-1.186710;4.714813;-80.402168;-0.000488;-0.000099;-0.000015;-0.000000
32000;-1.188987;4.715133;-85.888657;-0.000435;-0.000092;-0.000015;-0.000000
33000;-1.190855;4.720865;-89.791817;-0.000393;-0.000080;-0.000011;-0.000000
34000;-1.191980;4.719674;-88.015045;-0.000351;-0.000069;-0.000011;-0.000000
35000;-1.191876;4.721574;-86.629745;-0.000317;-0.000061;-0.000008;-0.000000
36000;-1.186559;4.711534;-92.548203;-0.000286;-0.000057;-0.000008;-0.000000
37000;-1.189680;4.715929;-89.314888;-0.000259;-0.000050;-0.000008;-0.000000
38000;-1.188734;4.713783;-89.873764;-0.000237;-0.000046;-0.000008;-0.000000
39000;-1.190872;4.720249;-89.651611;-0.000221;-0.000042;-0.000008;-0.000000
40000;-1.187644;4.712427;-96.258148;-0.000198;-0.000038;-0.000008;-0.000000
41000;-1.184660;4.708673;-79.127258;-0.000183;-0.000034;-0.000004;-0.000000
42000;-1.188573;4.714314;-88.687637;-0.000168;-0.000031;-0.000004;-0.000000
43000;-1.186843;4.711023;-87.941284;-0.000156;-0.000031;-0.000004;-0.000000
44000;-1.189601;4.717023;-83.489166;-0.000145;-0.000027;-0.000004;-0.000000
45000;-1.190785;4.718287;-84.297157;-0.000130;-0.000023;-0.000004;-0.000000
46000;-1.190528;4.719395;-95.833511;-0.000122;-0.000023;-0.000004;-0.000000
47000;-1.184760;4.705698;-88.103180;-0.000114;-0.000023;-0.000004;-0.000000
48000;-1.189384;4.716176;-89.819679;-0.000107;-0.000019;-0.000004;-0.000000
49000;-1.190472;4.718535;-94.811356;-0.000099;-0.000015;-0.000000;-0.000000
50000;-1.185248;4.703663;-94.411102;-0.000092;-0.000015;-0.000000;-0.000000
DIVERSITY STATS:
Evaluations;Average;Standard Deviation;Min;Q1;Median(Q2);Q3;Max
0;4325.447266;175.184952;3603.412354;4206.460938;4324.737305;4443.405273;5063.794922
1000;124.795372;115.369804;0.220145;29.921986;94.878830;187.368866;1076.004883
2000;18.118099;22.581566;0.000832;5.510880;13.794348;25.238213;829.861328
3000;15.036530;13.080004;0.000000;4.742991;11.406298;24.118929;244.435440
4000;12.069070;11.613637;0.000055;3.910064;6.868775;20.808056;183.747406
5000;9.092520;9.687813;0.000000;3.412535;5.258430;12.709980;125.582718
6000;6.846030;7.669312;0.000000;3.113737;4.577316;7.061881;90.039879
7000;5.349400;5.863352;0.000001;2.941826;4.239193;5.939878;78.655533
8000;4.461760;4.313084;0.000000;2.862789;4.077327;5.547119;61.000820
9000;3.994360;3.241402;0.000000;2.818622;3.975822;5.352250;50.541790
10000;3.776350;2.588998;0.000000;2.786741;3.953507;5.285891;45.712448
11000;3.666970;2.181859;0.000000;2.776637;3.922623;5.244762;34.727863
12000;3.637300;2.062472;0.000000;2.775923;3.923649;5.231476;34.980183
13000;3.606360;1.961430;0.000000;2.753315;3.914586;5.227552;32.279430
14000;3.604350;1.928852;0.000000;2.762502;3.912590;5.228972;32.545906
15000;3.596420;1.907047;0.000000;2.766367;3.911684;5.218015;31.084936
16000;3.607810;1.897912;0.000000;2.776729;3.919150;5.236132;29.166849
17000;3.597530;1.898006;0.000000;2.765131;3.910841;5.219925;29.000952
18000;3.603760;1.894512;0.000000;2.781548;3.916980;5.232996;15.285822
19000;3.604670;1.900986;0.000000;2.779395;3.913990;5.224042;27.518242
20000;3.593930;1.890371;0.000000;2.771871;3.910377;5.217833;15.859407
21000;3.597940;1.894227;0.000000;2.768573;3.911764;5.207678;14.631112
22000;3.600490;1.890233;0.000000;2.777049;3.919859;5.218038;15.022482
23000;3.599730;1.888652;0.000000;2.775117;3.923674;5.213807;15.588779
24000;3.596120;1.892507;0.000000;2.764671;3.918814;5.223646;15.641440
25000;3.596920;1.895215;0.000000;2.762472;3.916317;5.225014;14.954485
26000;3.596010;1.894473;0.000000;2.766043;3.905045;5.220193;17.978443
27000;3.603110;1.890028;0.000000;2.774496;3.923792;5.228846;16.511284
28000;3.596070;1.891982;0.000000;2.770468;3.913939;5.217971;14.593751
29000;3.600750;1.894839;0.000000;2.765426;3.921059;5.227523;15.817605
30000;3.606860;1.889136;0.000000;2.774455;3.933010;5.230050;14.444163
31000;3.597760;1.891950;0.000000;2.767274;3.911434;5.218455;15.842578
32000;3.601400;1.894886;0.000000;2.777236;3.921139;5.223633;14.995485
33000;3.607780;1.896383;0.000000;2.780056;3.923443;5.227841;14.983589
34000;3.608200;1.896679;0.000000;2.778122;3.931445;5.223298;14.593108
35000;3.616100;1.894395;0.000000;2.783221;3.941197;5.241906;17.802765
36000;3.600440;1.887977;0.000000;2.771877;3.926767;5.229956;15.680857
37000;3.608080;1.895312;0.000000;2.774045;3.923838;5.231773;13.907583
38000;3.603280;1.889933;0.000000;2.777482;3.912795;5.232822;16.412975
39000;3.610570;1.897267;0.000000;2.776062;3.924395;5.237935;14.207085
40000;3.594840;1.889956;0.000000;2.767655;3.911276;5.220945;16.007738
41000;3.592100;1.891558;0.000000;2.760679;3.903306;5.219920;15.685459
42000;3.596110;1.891662;0.000000;2.768368;3.917554;5.217749;14.251557
43000;3.601890;1.895229;0.000000;2.775357;3.920679;5.230363;15.750692
44000;3.607600;1.901822;0.000000;2.767818;3.927253;5.226733;16.288256
45000;3.601390;1.891008;0.000000;2.777642;3.921631;5.226734;14.640325
46000;3.609280;1.891928;0.000000;2.780616;3.923791;5.215314;15.637999
47000;3.593980;1.892637;0.000000;2.768919;3.912928;5.213786;15.871281
48000;3.612070;1.894136;0.000000;2.787686;3.936134;5.231012;15.682135
49000;3.607630;1.898564;0.000000;2.775547;3.919786;5.233794;15.372357
50000;3.592000;1.889948;0.000000;2.768670;3.912599;5.206757;15.378562
