Chromosome Length: 5
Population Size: 100
Mutation Probability: 0.050000
Crossover Probability: 0.750000
Elitism Rate: 0.050000
Recombination Rate: 0.200000
Additional Parameters:
-crossover_ratio: 0.000000
-gene_mutation_rate: 0.150000
-range_max: 600.000000
-range_min: -600.000000
-relative_mutation_size: 0.050000
-tournament_size: 3.000000


Test size: 100000
Snapshot Period: 2000
Evaluations: 100000


FITNESS STATS:
Evaluations;Average;Standard Deviation;Min;Q1;Median(Q2);Q3;Max
0;-214.748367;645514.375000;-1723405.625000;-759951.625000;-588276.812500;-426769.812500;-1468.196533
2000;-214.748367;1285.239746;-79515.218750;-146.714203;-45.627640;-26.305485;-0.628941
4000;-214.748367;1002.434265;-101219.718750;-25.369461;-12.050760;-7.226131;-0.008247
6000;-102.664368;551.531372;-51064.593750;-10.740644;-6.649185;-4.029205;-0.000282
8000;-58.437531;403.942902;-31433.519531;-8.796219;-5.673443;-3.376186;-0.000282
10000;-53.687092;385.674500;-30765.255859;-7.957577;-5.198158;-3.154030;-0.000000
12000;-51.676208;378.238983;-31776.625000;-7.393364;-4.811798;-2.992897;-0.000000
14000;-49.932102;372.042969;-35113.875000;-6.966740;-4.464041;-2.764759;-0.000000
16000;-49.084080;369.237610;-24837.937500;-6.571163;-4.211727;-2.593666;-0.000000
18000;-48.391811;367.285767;-36337.539063;-6.265091;-4.010036;-2.465157;-0.000000
20000;-47.930553;364.914063;-19412.476563;-6.022381;-3.787666;-2.358395;-0.000000
22000;-47.476768;363.583527;-32239.664063;-5.707172;-3.595016;-2.272564;-0.000000
24000;-47.231956;362.621216;-19412.888672;-5.450630;-3.432850;-2.198662;-0.000000
26000;-46.892445;362.179230;-37179.800781;-5.226318;-3.302422;-2.132126;-0.000000
28000;-46.583416;361.354614;-26125.812500;-5.044399;-3.194374;-2.078976;-0.000000
30000;-46.450325;359.988495;-21397.785156;-4.844223;-3.103561;-2.034164;-0.000000
32000;-46.280037;359.261658;-17712.134766;-4.629581;-3.028084;-1.997078;-0.000000
34000;-45.950420;358.478088;-30077.074219;-4.448570;-2.941963;-1.908531;-0.000000
36000;-45.924011;357.873749;-16517.212891;-4.294682;-2.822727;-1.803101;-0.000000
38000;-45.960522;358.487061;-21052.330078;-4.165833;-2.722885;-1.711670;-0.000000
40000;-45.809093;357.851471;-17848.369141;-4.049812;-2.634193;-1.635841;-0.000000
42000;-45.306576;355.402100;-19817.054688;-3.947308;-2.551769;-1.565262;-0.000000
44000;-45.499336;356.717712;-15797.195313;-3.822672;-2.483955;-1.507072;-0.000000
46000;-45.474609;356.105713;-32274.324219;-3.706642;-2.423195;-1.456463;-0.000000
48000;-45.297440;355.670166;-17447.128906;-3.605640;-2.365013;-1.407383;-0.000000
50000;-45.027168;355.266418;-30971.902344;-3.509750;-2.313862;-1.364601;-0.000000
52000;-45.326698;356.437256;-34465.582031;-3.422226;-2.270554;-1.328003;-0.000000
54000;-45.271397;355.467438;-15830.452148;-3.347969;-2.224720;-1.291901;-0.000000
56000;-44.982670;354.785278;-27234.906250;-3.276466;-2.185787;-1.259300;-0.000000
58000;-45.063343;355.068176;-21154.789063;-3.215908;-2.149025;-1.230705;-0.000000
60000;-44.976688;354.678925;-25513.646484;-3.158203;-2.116684;-1.204220;-0.000000
62000;-44.911678;354.105011;-16081.097656;-3.106895;-2.088760;-1.182564;-0.000000
64000;-44.962212;355.192810;-19097.009766;-3.062763;-2.063179;-1.162575;-0.000000
66000;-44.887569;354.477173;-25055.933594;-3.022552;-2.040100;-1.142967;-0.000000
68000;-44.822926;353.999695;-17563.062500;-2.990147;-2.020092;-1.125032;-0.000000
70000;-44.921535;354.850037;-19463.857422;-2.938034;-2.002422;-1.109657;-0.000000
72000;-44.610600;353.028656;-15660.906250;-2.869720;-1.990524;-1.095245;-0.000000
74000;-44.727676;353.185089;-15456.450195;-2.802956;-1.940323;-1.081848;-0.000000
76000;-44.759575;353.880737;-18875.363281;-2.744789;-1.880024;-1.068336;-0.000000
78000;-44.767773;354.095184;-18662.308594;-2.692360;-1.825539;-1.056332;-0.000000
80000;-44.520214;352.607391;-17160.925781;-2.640755;-1.775558;-1.045197;-0.000000
82000;-44.641277;353.448029;-28085.306641;-2.596653;-1.730125;-1.035873;-0.000000
84000;-44.702766;354.049133;-22212.138672;-2.553116;-1.687386;-1.027451;-0.000000
86000;-44.626732;353.076324;-31472.523438;-2.514534;-1.647007;-1.019222;-0.000000
88000;-44.422504;352.786804;-15195.918945;-2.469948;-1.606651;-1.012386;-0.000000
90000;-44.503456;352.758148;-17571.070313;-2.435120;-1.570095;-1.006420;-0.000000
92000;-44.361835;351.779633;-18270.941406;-2.399078;-1.535206;-1.001579;-0.000000
94000;-44.419102;351.909851;-17035.419922;-2.364544;-1.503311;-0.998070;-0.000000
96000;-44.346489;352.246338;-17907.773438;-2.334496;-1.475449;-0.995823;-0.000000
98000;-44.401989;352.451263;-15066.776367;-2.302322;-1.448475;-0.994965;-0.000000
100000;-44.509403;353.014679;-29078.447266;-2.275326;-1.424530;-0.975334;-0.000000
DIVERSITY STATS:
Evaluations;Average;Standard Deviation;Min;Q1;Median(Q2);Q3;Max
0;-13881.137695;59468996.000000;48924724.000000;57774064.000000;59394540.000000;61011160.000000;70460528.000000
2000;16675.304688;47121.386719;0.000000;47699.539063;58499.699219;70562.828125;251654.359375
4000;-4634.198730;51000.136719;0.000000;11098.601563;39265.375000;58328.015625;375685.218750
6000;11683.879883;15203.954102;0.000000;2931.102051;6239.532227;13024.640625;169450.312500
8000;6032.917969;6343.501465;0.000000;2151.699707;4581.402344;7954.210938;135514.484375
10000;5412.955078;5134.061523;0.000000;1985.906494;4296.400879;7420.492188;102533.796875
12000;5166.678223;4710.958496;0.000000;1917.037842;4173.164063;7172.770508;102336.148438
14000;4981.400879;4451.130859;0.000000;1850.437256;4044.774902;6977.832031;79078.570313
16000;4890.373535;4318.945313;0.000000;1831.445801;3988.702148;6878.629883;88053.890625
18000;4812.214355;4195.787598;0.000000;1802.399292;3956.449219;6808.987793;67346.039063
20000;4769.148438;4143.111328;0.000000;1787.161377;3930.149414;6770.115723;71374.398438
22000;4714.515625;4044.059326;0.000000;1783.473145;3902.745361;6691.050781;62160.687500
24000;4688.854492;4015.420410;0.000000;1761.357056;3891.181152;6678.746582;66438.984375
26000;4648.756348;3956.241943;0.000000;1722.498901;3862.139404;6679.039063;52708.890625
28000;4615.232910;3927.137451;0.000000;1718.484863;3827.309082;6611.554688;60076.265625
30000;4599.034668;3884.266113;0.000000;1731.991699;3848.809570;6582.477539;59292.820313
32000;4582.370605;3862.990234;0.000000;1717.737793;3819.976074;6597.980957;59169.429688
34000;4544.438965;3825.196777;0.000000;1672.262939;3789.675537;6551.793945;55814.058594
36000;4541.147461;3799.230469;0.000000;1692.659546;3799.406982;6517.851563;51719.933594
38000;4543.861328;3778.239258;0.000000;1720.966675;3811.086426;6535.259766;60295.878906
40000;4525.442383;3762.214600;0.000000;1716.263916;3799.260742;6505.654297;57941.925781
42000;4475.674316;3727.375488;0.000000;1671.876953;3758.847656;6456.157227;57959.476563
44000;4491.901367;3728.219238;0.000000;1671.311157;3779.873047;6476.830078;65166.457031
46000;4489.961426;3740.437988;0.000000;1677.855591;3766.846191;6482.023926;65486.917969
48000;4470.941895;3700.479248;0.000000;1670.844849;3764.512451;6461.528320;73168.421875
50000;4443.007813;3709.481689;0.000000;1623.645508;3723.740723;6437.216797;103440.851563
52000;4468.490234;3685.410889;0.000000;1674.189453;3759.366455;6455.588867;43500.636719
54000;4465.309570;3668.836670;0.000000;1679.037354;3753.952148;6461.215332;58281.476563
56000;4436.005371;3649.013916;0.000000;1656.907104;3731.665527;6422.334961;41494.562500
58000;4442.151855;3641.087891;0.000000;1670.026001;3751.251709;6430.187500;50805.460938
60000;4433.901855;3630.821289;0.000000;1671.086182;3733.058594;6422.413086;47443.656250
62000;4426.138672;3631.197266;0.000000;1661.721680;3728.353516;6408.627930;50743.277344
64000;4429.740723;3643.554443;0.000000;1653.538452;3735.197754;6417.736328;56979.171875
66000;4423.717285;3633.693848;0.000000;1649.628784;3745.504395;6404.522949;71484.679688
68000;4416.007813;3635.121582;0.000000;1643.307617;3729.187744;6409.174805;61125.894531
70000;4425.580566;3626.696777;0.000000;1643.708740;3746.659180;6415.046387;47230.878906
72000;4394.310059;3622.159424;0.000000;1630.752197;3707.717041;6353.588379;61337.605469
74000;4407.341309;3617.424316;0.000000;1651.060547;3720.000977;6393.527832;58454.039063
76000;4407.855469;3611.187988;0.000000;1651.175659;3711.849609;6394.010742;43794.324219
78000;4407.564941;3616.135986;0.000000;1637.835449;3723.664063;6373.022461;43462.402344
80000;4382.012695;3592.933105;0.000000;1625.325684;3695.223633;6370.983398;52919.613281
82000;4395.028320;3602.888672;0.000000;1637.174805;3717.437500;6392.919922;59974.542969
84000;4400.391602;3585.429688;0.000000;1656.617676;3721.048340;6381.840820;56072.089844
86000;4392.596680;3593.189453;0.000000;1639.994019;3708.047852;6364.188477;49254.140625
88000;4371.943848;3580.188477;0.000000;1617.583496;3680.250977;6337.164063;44612.042969
90000;4379.245605;3571.664063;0.000000;1640.740967;3709.200195;6366.405273;58739.992188
92000;4365.998535;3575.542236;0.000000;1617.863647;3694.421387;6350.499023;49261.289063
94000;4370.887207;3568.594727;0.000000;1622.805298;3700.693115;6348.753906;55782.617188
96000;4364.153809;3552.439209;0.000000;1638.192505;3698.901367;6338.706055;71356.453125
98000;4370.310547;3573.407959;0.000000;1614.899902;3694.109863;6351.644043;44575.730469
100000;4377.939453;3576.259766;0.000000;1634.254150;3690.467773;6354.450195;49768.144531
