Chromosome Length: 20
Population Size: 100
Mutation Probability: 0.050000
Crossover Probability: 0.650000
Elitism Rate: 0.050000
Recombination Rate: 0.050000
Additional Parameters:
-crossover_ratio: 0.250000
-gene_mutation_rate: 0.100000
-range_max: 5.120000
-range_min: -5.120000
-relative_mutation_size: 0.050000
-tournament_size: 2.000000


Test size: 100000
Section Size: 100
Max Evaluations: 100000


100;0.000000
200;0.000000
300;0.000000
400;0.000000
500;0.000000
600;0.000000
700;0.000000
800;0.000000
900;0.000000
1000;0.000000
1100;0.000000
1200;0.000000
1300;0.000000
1400;0.000000
1500;0.000000
1600;0.000000
1700;0.000000
1800;0.000000
1900;0.000000
2000;0.000000
2100;0.000000
2200;0.000000
2300;0.000000
2400;0.000000
2500;0.000000
2600;0.000000
2700;0.000000
2800;0.000000
2900;0.000000
3000;0.000000
3100;0.000000
3200;0.000000
3300;0.000000
3400;0.000000
3500;0.000000
3600;0.000000
3700;0.000000
3800;0.000000
3900;0.000000
4000;0.000000
4100;0.000000
4200;0.000000
4300;0.000000
4400;0.000000
4500;0.000000
4600;0.000000
4700;0.000000
4800;0.000000
4900;0.000000
5000;0.000000
5100;0.000000
5200;0.000000
5300;0.000000
5400;0.000000
5500;0.000000
5600;0.000000
5700;0.000000
5800;0.000000
5900;0.000000
6000;0.000000
6100;0.000000
6200;0.000000
6300;0.000000
6400;0.000000
6500;0.000000
6600;0.000000
6700;0.000000
6800;0.000000
6900;0.000000
7000;0.000000
7100;0.000000
7200;0.000000
7300;0.000000
7400;0.000000
7500;0.000000
7600;0.000000
7700;0.000000
7800;0.000000
7900;0.000000
8000;0.000000
8100;0.000000
8200;0.000000
8300;0.000000
8400;0.000000
8500;0.000000
8600;0.000000
8700;0.000000
8800;0.000000
8900;0.000000
9000;0.000000
9100;0.000000
9200;0.000000
9300;0.000000
9400;0.000000
9500;0.000000
9600;0.000000
9700;0.000000
9800;0.000000
9900;0.000000
10000;0.000000
10100;0.000000
10200;0.000000
10300;0.000000
10400;0.000000
10500;0.000000
10600;0.000000
10700;0.000000
10800;0.000000
10900;0.000000
11000;0.000000
11100;0.000000
11200;0.000000
11300;0.000000
11400;0.000000
11500;0.000000
11600;0.000000
11700;0.000000
11800;0.000000
11900;0.000000
12000;0.000000
12100;0.000000
12200;0.000000
12300;0.000000
12400;0.000000
12500;0.000000
12600;0.000000
12700;0.000000
12800;0.000000
12900;0.000000
13000;0.000000
13100;0.000000
13200;0.000000
13300;0.000000
13400;0.000000
13500;0.000000
13600;0.000000
13700;0.000000
13800;0.000000
13900;0.000000
14000;0.000000
14100;0.000000
14200;0.000000
14300;0.000000
14400;0.000000
14500;0.000000
14600;0.000000
14700;0.000000
14800;0.000000
14900;0.000000
15000;0.000000
15100;0.000000
15200;0.000000
15300;0.000000
15400;0.000000
15500;0.000000
15600;0.000000
15700;0.000000
15800;0.000000
15900;0.000000
16000;0.000000
16100;0.000000
16200;0.000010
16300;0.000010
16400;0.000000
16500;0.000000
16600;0.000020
16700;0.000000
16800;0.000020
16900;0.000000
17000;0.000040
17100;0.000040
17200;0.000000
17300;0.000030
17400;0.000020
17500;0.000020
17600;0.000040
17700;0.000040
17800;0.000090
17900;0.000080
18000;0.000060
18100;0.000040
18200;0.000120
18300;0.000130
18400;0.000230
18500;0.000180
18600;0.000320
18700;0.000310
18800;0.000440
18900;0.000340
19000;0.000400
19100;0.000590
19200;0.000520
19300;0.000560
19400;0.000780
19500;0.000760
19600;0.000940
19700;0.001040
19800;0.001240
19900;0.001390
20000;0.001780
20100;0.002010
20200;0.002210
20300;0.002270
20400;0.002500
20500;0.002700
20600;0.003290
20700;0.003330
20800;0.003860
20900;0.004490
21000;0.004560
21100;0.004810
21200;0.005310
21300;0.005760
21400;0.006250
21500;0.007270
21600;0.007180
21700;0.007430
21800;0.008810
21900;0.009080
22000;0.009900
22100;0.010480
22200;0.010810
22300;0.011420
22400;0.011790
22500;0.013030
22600;0.012490
22700;0.013870
22800;0.014830
22900;0.015450
23000;0.015430
23100;0.015730
23200;0.016400
23300;0.017450
23400;0.017500
23500;0.018300
23600;0.018080
23700;0.018640
23800;0.018280
23900;0.018250
24000;0.018910
24100;0.018490
24200;0.019620
24300;0.018980
24400;0.019430
24500;0.019100
24600;0.020080
24700;0.018930
24800;0.019830
24900;0.019070
25000;0.018930
25100;0.017800
25200;0.018430
25300;0.016710
25400;0.017290
25500;0.016870
25600;0.016250
25700;0.015400
25800;0.014810
25900;0.015060
26000;0.014130
26100;0.013940
26200;0.012690
26300;0.011860
26400;0.011630
26500;0.011080
26600;0.011280
26700;0.010930
26800;0.009280
26900;0.009570
27000;0.008660
27100;0.008630
27200;0.008450
27300;0.007310
27400;0.007020
27500;0.006560
27600;0.005930
27700;0.005300
27800;0.005200
27900;0.004810
28000;0.004970
28100;0.004090
28200;0.004250
28300;0.003470
28400;0.003370
28500;0.002950
28600;0.002590
28700;0.002240
28800;0.002310
28900;0.002090
29000;0.002010
29100;0.001560
29200;0.001590
29300;0.001510
29400;0.001230
29500;0.001280
29600;0.000930
29700;0.001180
29800;0.000920
29900;0.000890
30000;0.000610
30100;0.000470
30200;0.000650
30300;0.000630
30400;0.000270
30500;0.000420
30600;0.000500
30700;0.000380
30800;0.000300
30900;0.000240
31000;0.000170
31100;0.000110
31200;0.000230
31300;0.000180
31400;0.000200
31500;0.000140
31600;0.000060
31700;0.000160
31800;0.000110
31900;0.000120
32000;0.000050
32100;0.000030
32200;0.000050
32300;0.000080
32400;0.000030
32500;0.000030
32600;0.000030
32700;0.000020
32800;0.000020
32900;0.000050
33000;0.000030
33100;0.000000
33200;0.000010
33300;0.000000
33400;0.000020
33500;0.000000
33600;0.000010
33700;0.000000
33800;0.000000
33900;0.000000
34000;0.000010
34100;0.000000
34200;0.000000
34300;0.000000
34400;0.000000
34500;0.000000
34600;0.000000
34700;0.000000
34800;0.000000
34900;0.000000
35000;0.000000
35100;0.000000
35200;0.000010
35300;0.000000
35400;0.000000
35500;0.000000
35600;0.000000
35700;0.000000
35800;0.000000
35900;0.000000
36000;0.000000
36100;0.000010
