Chromosome Length: 5
Population Size: 100
Mutation Probability: 0.150000
Crossover Probability: 0.600000
Elitism Rate: 0.150000
Recombination Rate: 0.000000
Additional Parameters:
-crossover_ratio: 0.250000
-gene_mutation_rate: 0.150000
-range_max: 5.120000
-range_min: -5.120000
-relative_mutation_size: 0.100000
-tournament_size: 2.000000


Test size: 100000
Snapshot Period: 1000
Evaluations: 50000


FITNESS STATS:
Evaluations;Average;Standard Deviation;Min;Q1;Median(Q2);Q3;Max
0;-85.661423;23.766119;-196.095657;-108.065277;-92.345673;-76.867096;-2.796806
1000;-13.421773;12.226509;-123.428848;-16.334503;-10.902473;-7.688658;-0.136452
2000;-6.663061;7.015440;-104.084457;-6.782330;-4.170633;-2.754593;-0.001945
3000;-4.257368;6.084015;-102.262108;-3.687340;-2.232376;-1.275284;-0.000191
4000;-3.019612;5.423476;-94.527351;-2.139610;-1.143829;-0.328123;-0.000076
5000;-2.147321;5.076983;-87.580521;-1.137920;-0.298531;-0.069744;-0.000008
6000;-1.548472;4.948655;-93.571884;-0.805374;-0.077335;-0.023098;-0.000000
7000;-1.361171;4.858756;-86.184143;-0.117428;-0.032837;-0.009995;-0.000000
8000;-1.280612;4.815464;-84.595146;-0.056911;-0.017384;-0.005135;-0.000000
9000;-1.252709;4.805562;-88.644814;-0.034145;-0.010452;-0.002945;-0.000000
10000;-1.236678;4.795189;-92.195938;-0.022430;-0.006783;-0.001820;-0.000000
11000;-1.233396;4.796079;-92.107742;-0.015991;-0.004627;-0.001179;-0.000000
12000;-1.230498;4.790127;-93.831024;-0.011677;-0.003284;-0.000801;-0.000000
13000;-1.230376;4.791799;-96.071472;-0.008850;-0.002411;-0.000565;-0.000000
14000;-1.229622;4.787419;-93.354523;-0.006767;-0.001808;-0.000408;-0.000000
15000;-1.229022;4.790113;-83.437126;-0.005280;-0.001389;-0.000305;-0.000000
16000;-1.227070;4.780069;-82.273636;-0.004230;-0.001083;-0.000229;-0.000000
17000;-1.230592;4.793411;-78.824249;-0.003448;-0.000866;-0.000175;-0.000000
18000;-1.228914;4.786534;-90.086441;-0.002838;-0.000694;-0.000137;-0.000000
19000;-1.229760;4.791543;-89.856018;-0.002365;-0.000565;-0.000107;-0.000000
20000;-1.230289;4.790051;-95.152451;-0.001991;-0.000465;-0.000084;-0.000000
21000;-1.230209;4.793113;-92.531662;-0.001686;-0.000385;-0.000069;-0.000000
22000;-1.230207;4.788172;-92.413872;-0.001434;-0.000324;-0.000057;-0.000000
23000;-1.230343;4.788021;-88.763947;-0.001232;-0.000275;-0.000046;-0.000000
24000;-1.230578;4.791868;-91.028198;-0.001060;-0.000237;-0.000038;-0.000000
25000;-1.228890;4.786124;-97.407669;-0.000927;-0.000202;-0.000031;-0.000000
26000;-1.229880;4.791201;-87.676743;-0.000813;-0.000175;-0.000027;-0.000000
27000;-1.229337;4.786217;-86.987770;-0.000717;-0.000153;-0.000023;-0.000000
28000;-1.230112;4.791428;-91.331345;-0.000629;-0.000130;-0.000019;-0.000000
29000;-1.227084;4.787039;-89.022064;-0.000561;-0.000114;-0.000015;-0.000000
30000;-1.229848;4.791256;-90.242767;-0.000504;-0.000099;-0.000015;-0.000000
31000;-1.231471;4.790989;-84.894249;-0.000450;-0.000088;-0.000015;-0.000000
32000;-1.229289;4.789735;-83.807350;-0.000404;-0.000080;-0.000011;-0.000000
33000;-1.231995;4.796599;-90.057251;-0.000366;-0.000069;-0.000011;-0.000000
34000;-1.228238;4.785787;-98.743103;-0.000332;-0.000061;-0.000008;-0.000000
35000;-1.226775;4.782762;-96.545685;-0.000298;-0.000057;-0.000008;-0.000000
36000;-1.229164;4.788420;-81.517059;-0.000275;-0.000053;-0.000008;-0.000000
37000;-1.229268;4.791358;-82.409714;-0.000252;-0.000046;-0.000008;-0.000000
38000;-1.227475;4.785389;-94.356003;-0.000229;-0.000042;-0.000008;-0.000000
39000;-1.231565;4.792244;-92.775215;-0.000210;-0.000038;-0.000008;-0.000000
40000;-1.230243;4.791183;-85.114761;-0.000195;-0.000034;-0.000004;-0.000000
41000;-1.230765;4.792423;-94.945938;-0.000179;-0.000031;-0.000004;-0.000000
42000;-1.228899;4.788378;-94.882339;-0.000164;-0.000031;-0.000004;-0.000000
43000;-1.229780;4.792775;-93.452339;-0.000153;-0.000027;-0.000004;-0.000000
44000;-1.231026;4.792077;-86.525009;-0.000141;-0.000023;-0.000004;-0.000000
45000;-1.230259;4.788828;-89.596840;-0.000130;-0.000023;-0.000004;-0.000000
46000;-1.231224;4.794218;-93.923210;-0.000122;-0.000023;-0.000004;-0.000000
47000;-1.228361;4.788045;-90.994194;-0.000114;-0.000019;-0.000004;-0.000000
48000;-1.230280;4.790008;-88.447800;-0.000107;-0.000019;-0.000004;-0.000000
49000;-1.231366;4.793608;-96.055328;-0.000099;-0.000015;-0.000004;-0.000000
50000;-1.228690;4.786577;-83.597717;-0.000092;-0.000015;-0.000000;-0.000000
DIVERSITY STATS:
Evaluations;Average;Standard Deviation;Min;Q1;Median(Q2);Q3;Max
0;4324.485352;175.106995;3543.740723;4206.055664;4324.641113;4442.125000;5032.870117
1000;78.604019;103.723885;0.086981;11.849826;33.930252;107.732147;1260.242920
2000;16.431101;16.959265;0.002185;5.267374;11.430040;24.736618;538.832642
3000;12.319590;12.538045;0.000007;4.148169;7.105929;19.284140;159.623169
4000;8.674840;9.629136;0.000000;3.521795;5.295839;10.072447;128.999847
5000;6.204510;6.828644;0.000014;3.194926;4.588645;6.669315;109.920670
6000;4.892020;4.802091;0.000000;3.036430;4.308691;5.906389;67.983467
7000;4.216830;3.371946;0.000000;2.968678;4.169988;5.585865;62.380199
8000;3.936960;2.602932;0.000000;2.922637;4.106647;5.470841;55.581234
9000;3.834170;2.197649;0.000000;2.921099;4.093530;5.433248;45.050953
10000;3.773860;2.023879;0.000000;2.908571;4.069057;5.404153;40.187550
11000;3.761540;1.962180;0.000000;2.907331;4.069738;5.396071;29.562099
12000;3.766990;1.956115;0.000000;2.903656;4.075061;5.412431;29.956215
13000;3.755250;1.921119;0.000000;2.910625;4.070008;5.399611;22.540293
14000;3.757630;1.925450;0.000000;2.908988;4.073686;5.403358;16.241240
15000;3.758950;1.931112;0.000000;2.896194;4.073759;5.412137;15.583613
16000;3.754190;1.918786;0.000000;2.903382;4.078810;5.397779;14.207846
17000;3.753860;1.922582;0.000000;2.905439;4.075337;5.394609;16.005989
18000;3.749190;1.921437;0.000000;2.893854;4.072847;5.395884;17.727448
19000;3.748060;1.915275;0.000000;2.904204;4.068421;5.392773;15.860034
20000;3.750310;1.923067;0.000000;2.899288;4.069873;5.396058;14.962354
21000;3.744330;1.912334;0.000000;2.897490;4.068721;5.382959;13.876879
22000;3.757880;1.921875;0.000000;2.905312;4.076710;5.398394;17.650797
23000;3.761370;1.921709;0.000000;2.915342;4.080151;5.397304;16.634382
24000;3.753630;1.926632;0.000000;2.898764;4.061803;5.395860;15.620749
25000;3.760190;1.919041;0.000000;2.914772;4.076857;5.407789;15.634624
26000;3.749080;1.925748;0.000000;2.903338;4.068565;5.391481;15.480182
27000;3.745800;1.916280;0.000000;2.907079;4.070908;5.375329;15.365692
28000;3.746910;1.923156;0.000000;2.898705;4.061669;5.392272;16.552826
29000;3.747060;1.924131;0.000000;2.892911;4.067037;5.390161;15.140629
30000;3.753010;1.918916;0.000000;2.908792;4.074827;5.391815;14.779737
31000;3.757040;1.922306;0.000000;2.912866;4.073216;5.399737;14.825128
32000;3.758700;1.928832;0.000000;2.903603;4.072763;5.407898;14.717578
33000;3.759440;1.926292;0.000000;2.904200;4.075198;5.400277;15.883422
34000;3.752050;1.926248;0.000000;2.897052;4.069294;5.388984;15.365917
35000;3.743720;1.915871;0.000000;2.894409;4.056943;5.387618;16.850435
36000;3.755130;1.930942;0.000000;2.903354;4.067994;5.400378;14.753519
37000;3.748340;1.921049;0.000000;2.903151;4.065390;5.387628;15.248332
38000;3.750240;1.926282;0.000000;2.899406;4.061739;5.393742;15.128672
39000;3.759560;1.921142;0.000000;2.916941;4.073128;5.383657;18.210976
40000;3.752260;1.920565;0.000000;2.907938;4.071789;5.395875;14.666874
41000;3.760330;1.922962;0.000000;2.916588;4.077628;5.402216;14.912004
42000;3.749410;1.930146;0.000000;2.891517;4.060032;5.404800;16.819811
43000;3.747530;1.919867;0.000000;2.903881;4.064492;5.389485;14.805058
44000;3.756440;1.919225;0.000000;2.916920;4.076110;5.410192;16.904312
45000;3.757080;1.921669;0.000000;2.918784;4.074870;5.395183;15.658099
46000;3.762260;1.921219;0.000000;2.916472;4.084423;5.405788;14.384397
47000;3.752340;1.925588;0.000000;2.894748;4.073297;5.395998;16.055761
48000;3.756290;1.925408;0.000000;2.914218;4.073502;5.403384;15.484285
49000;3.764850;1.925689;0.000000;2.910611;4.081500;5.404814;14.208222
50000;3.757560;1.922140;0.000000;2.906974;4.071911;5.403506;14.241814
