Chromosome Length: 20
Population Size: 100
Mutation Probability: 0.150000
Crossover Probability: 0.600000
Elitism Rate: 0.150000
Recombination Rate: 0.000000
Additional Parameters:
-crossover_ratio: 0.250000
-gene_mutation_rate: 0.050000
-range_max: 5.120000
-range_min: -5.120000
-relative_mutation_size: 0.050000
-tournament_size: 5.000000


Test size: 100000
Snapshot Period: 1000
Evaluations: 100000


FITNESS STATS:
Evaluations;Average;Standard Deviation;Min;Q1;Median(Q2);Q3;Max
0;-168.297760;35.569885;-377.447144;-198.047760;-173.932144;-150.580261;-26.683273
1000;-7.659909;2.870605;-36.505756;-9.145741;-7.095228;-5.401114;-0.755834
2000;-3.840128;1.953333;-25.236212;-4.975657;-3.577347;-2.494915;-0.199578
3000;-1.677722;1.145118;-19.418379;-2.318857;-1.498794;-0.938603;-0.064154
4000;-0.305974;0.671216;-13.015128;-0.894003;-0.529790;-0.317424;-0.027771
5000;-0.018530;0.323817;-7.195057;-0.327690;-0.199900;-0.128245;-0.011433
6000;-0.000510;0.152995;-4.419711;-0.144090;-0.093616;-0.063335;-0.005214
7000;-0.000020;0.090828;-1.632820;-0.075571;-0.050907;-0.035217;-0.004398
8000;-0.000003;0.070894;-1.191557;-0.044564;-0.030422;-0.021210;-0.002255
9000;-0.000002;0.062682;-1.387602;-0.028360;-0.019530;-0.013617;-0.001181
10000;-0.000002;0.059834;-1.131350;-0.019237;-0.013229;-0.009188;-0.000564
11000;-0.000002;0.058875;-1.159687;-0.013653;-0.009353;-0.006481;-0.000321
12000;-0.000002;0.058128;-1.343959;-0.010075;-0.006854;-0.004711;-0.000163
13000;-0.000001;0.057635;-1.110196;-0.007656;-0.005167;-0.003525;-0.000162
14000;-0.000001;0.057244;-1.155689;-0.005973;-0.004000;-0.002694;-0.000162
15000;-0.000002;0.057163;-1.104024;-0.004757;-0.003158;-0.002103;-0.000121
16000;-0.000001;0.056917;-1.156490;-0.003861;-0.002536;-0.001674;-0.000115
17000;-0.000001;0.056841;-1.160553;-0.003179;-0.002067;-0.001353;-0.000060
18000;-0.000001;0.056819;-1.203710;-0.002652;-0.001708;-0.001111;-0.000060
19000;-0.000001;0.056675;-1.142858;-0.002233;-0.001428;-0.000919;-0.000053
20000;-0.000001;0.056667;-1.166198;-0.001905;-0.001205;-0.000770;-0.000036
21000;-0.000000;0.056543;-1.193977;-0.001633;-0.001028;-0.000650;-0.000023
22000;-0.000001;0.056612;-1.255058;-0.001425;-0.000887;-0.000555;-0.000014
23000;-0.000001;0.056569;-1.142229;-0.001245;-0.000769;-0.000478;-0.000014
24000;-0.000001;0.056502;-1.134849;-0.001097;-0.000671;-0.000415;-0.000001
25000;-0.000001;0.056538;-1.208209;-0.000973;-0.000589;-0.000362;-0.000001
26000;-0.000001;0.056424;-1.222116;-0.000866;-0.000522;-0.000318;-0.000001
27000;-0.000001;0.056439;-1.185890;-0.000773;-0.000464;-0.000280;-0.000001
28000;-0.000001;0.056398;-1.119063;-0.000696;-0.000414;-0.000248;-0.000001
29000;-0.000001;0.056415;-1.162018;-0.000626;-0.000371;-0.000221;-0.000001
30000;-0.000002;0.056371;-1.169183;-0.000569;-0.000334;-0.000197;-0.000001
31000;-0.000001;0.056430;-1.230074;-0.000518;-0.000302;-0.000177;-0.000001
32000;-0.000001;0.056397;-1.149731;-0.000473;-0.000274;-0.000160;-0.000001
33000;-0.000001;0.056368;-1.107119;-0.000433;-0.000250;-0.000145;-0.000001
34000;-0.000001;0.056361;-1.110477;-0.000398;-0.000229;-0.000132;-0.000000
35000;-0.000001;0.056346;-1.196926;-0.000367;-0.000209;-0.000120;-0.000000
36000;-0.000001;0.056445;-1.151148;-0.000338;-0.000192;-0.000110;-0.000000
37000;-0.000001;0.056457;-1.162815;-0.000312;-0.000177;-0.000101;-0.000000
38000;-0.000001;0.056301;-1.206517;-0.000290;-0.000164;-0.000093;-0.000000
39000;-0.000001;0.056364;-1.233379;-0.000270;-0.000151;-0.000085;-0.000000
40000;-0.000001;0.056312;-1.150028;-0.000252;-0.000141;-0.000079;-0.000000
41000;-0.000001;0.056410;-1.121498;-0.000235;-0.000131;-0.000073;-0.000000
42000;-0.000001;0.056400;-1.267490;-0.000220;-0.000122;-0.000067;-0.000000
43000;-0.000001;0.056246;-1.114133;-0.000206;-0.000113;-0.000063;-0.000000
44000;-0.000001;0.056296;-1.153646;-0.000193;-0.000106;-0.000058;-0.000000
45000;-0.000001;0.056321;-1.228662;-0.000181;-0.000099;-0.000054;-0.000000
46000;-0.000001;0.056321;-1.192625;-0.000171;-0.000093;-0.000051;-0.000000
47000;-0.000001;0.056298;-1.161546;-0.000160;-0.000087;-0.000047;-0.000000
48000;-0.000001;0.056302;-1.289405;-0.000151;-0.000082;-0.000044;-0.000000
49000;-0.000001;0.056384;-1.290184;-0.000143;-0.000077;-0.000042;-0.000000
50000;-0.000001;0.056399;-1.117376;-0.000136;-0.000073;-0.000039;-0.000000
51000;-0.000000;0.056289;-1.128301;-0.000129;-0.000069;-0.000037;-0.000000
52000;-0.000001;0.056211;-1.090721;-0.000122;-0.000065;-0.000035;-0.000000
53000;-0.000001;0.056246;-1.174873;-0.000116;-0.000062;-0.000033;-0.000000
54000;-0.000002;0.056311;-1.191337;-0.000110;-0.000058;-0.000031;-0.000000
55000;-0.000001;0.056380;-1.274027;-0.000105;-0.000055;-0.000029;-0.000000
56000;-0.000001;0.056354;-1.305761;-0.000100;-0.000053;-0.000027;-0.000000
57000;-0.000001;0.056312;-1.256325;-0.000095;-0.000050;-0.000026;-0.000000
58000;-0.000001;0.056344;-1.185705;-0.000091;-0.000048;-0.000025;-0.000000
59000;-0.000001;0.056469;-1.126222;-0.000087;-0.000045;-0.000023;-0.000000
60000;-0.000000;0.056279;-1.101163;-0.000083;-0.000043;-0.000022;-0.000000
61000;-0.000001;0.056306;-1.250694;-0.000079;-0.000041;-0.000021;-0.000000
62000;-0.000001;0.056240;-1.177862;-0.000076;-0.000039;-0.000020;-0.000000
63000;-0.000001;0.056349;-1.296747;-0.000073;-0.000038;-0.000019;-0.000000
64000;-0.000001;0.056241;-1.344105;-0.000070;-0.000036;-0.000018;-0.000000
65000;-0.000002;0.056456;-1.200297;-0.000067;-0.000034;-0.000018;-0.000000
66000;-0.000001;0.056305;-1.171722;-0.000064;-0.000033;-0.000017;-0.000000
67000;-0.000001;0.056251;-1.251828;-0.000062;-0.000032;-0.000016;-0.000000
68000;-0.000001;0.056318;-1.122281;-0.000060;-0.000030;-0.000015;-0.000000
69000;-0.000000;0.056363;-1.067595;-0.000057;-0.000029;-0.000015;-0.000000
70000;-0.000001;0.056374;-1.144014;-0.000055;-0.000028;-0.000014;-0.000000
71000;-0.000001;0.056284;-1.104422;-0.000053;-0.000027;-0.000013;-0.000000
72000;-0.000001;0.056068;-1.122055;-0.000051;-0.000026;-0.000013;-0.000000
73000;-0.000001;0.056345;-1.178312;-0.000049;-0.000025;-0.000012;-0.000000
74000;-0.000002;0.056227;-1.311881;-0.000047;-0.000024;-0.000012;-0.000000
75000;-0.000001;0.056337;-1.223030;-0.000046;-0.000023;-0.000011;-0.000000
76000;-0.000001;0.056290;-1.157279;-0.000044;-0.000022;-0.000011;-0.000000
77000;-0.000002;0.056262;-1.310315;-0.000043;-0.000021;-0.000011;-0.000000
78000;-0.000001;0.056433;-1.155448;-0.000041;-0.000021;-0.000010;-0.000000
79000;-0.000001;0.056333;-1.137741;-0.000040;-0.000020;-0.000010;-0.000000
80000;-0.000001;0.056323;-1.184770;-0.000039;-0.000019;-0.000009;-0.000000
81000;-0.000001;0.056302;-1.209877;-0.000038;-0.000019;-0.000009;-0.000000
82000;-0.000001;0.056297;-1.153761;-0.000036;-0.000018;-0.000009;-0.000000
83000;-0.000001;0.056323;-1.169414;-0.000035;-0.000017;-0.000008;-0.000000
84000;-0.000001;0.056273;-1.131074;-0.000034;-0.000017;-0.000008;-0.000000
85000;-0.000001;0.056219;-1.073452;-0.000033;-0.000016;-0.000008;-0.000000
86000;-0.000001;0.056261;-1.193273;-0.000032;-0.000016;-0.000008;-0.000000
87000;-0.000001;0.056266;-1.070777;-0.000031;-0.000015;-0.000007;-0.000000
88000;-0.000001;0.056315;-1.144539;-0.000030;-0.000015;-0.000007;-0.000000
89000;-0.000001;0.056231;-1.139053;-0.000030;-0.000014;-0.000007;-0.000000
90000;-0.000001;0.056295;-1.244301;-0.000029;-0.000014;-0.000007;-0.000000
91000;-0.000001;0.056318;-1.177277;-0.000028;-0.000014;-0.000006;-0.000000
92000;-0.000001;0.056290;-1.248332;-0.000027;-0.000013;-0.000006;-0.000000
93000;-0.000001;0.056302;-1.096487;-0.000026;-0.000013;-0.000006;-0.000000
94000;-0.000001;0.056268;-1.260786;-0.000026;-0.000012;-0.000006;-0.000000
95000;-0.000001;0.056328;-1.321195;-0.000025;-0.000012;-0.000006;-0.000000
96000;-0.000001;0.056270;-1.099883;-0.000024;-0.000012;-0.000006;-0.000000
97000;-0.000001;0.056279;-1.181541;-0.000024;-0.000011;-0.000005;-0.000000
98000;-0.000001;0.056303;-1.227817;-0.000023;-0.000011;-0.000005;-0.000000
99000;-0.000001;0.056307;-1.157011;-0.000022;-0.000011;-0.000005;-0.000000
100000;-0.000001;0.056366;-1.128645;-0.000022;-0.000010;-0.000005;-0.000000
DIVERSITY STATS:
Evaluations;Average;Standard Deviation;Min;Q1;Median(Q2);Q3;Max
0;17301.703125;350.437714;15771.188477;17066.140625;17301.593750;17537.380859;18927.455078
1000;11.076030;5.719542;0.321926;7.387089;10.814349;14.827566;67.247536
2000;9.045030;4.749259;0.361770;6.041349;8.840160;12.263019;44.720348
3000;6.536110;3.886286;0.221836;4.155755;6.354014;9.156422;42.800594
4000;3.786750;2.813307;0.049833;2.269144;3.558625;5.582680;29.553888
5000;1.928790;1.649031;0.004653;1.427169;2.016348;2.911390;25.124447
6000;1.165940;0.960385;0.000599;1.129842;1.541178;2.033711;12.535607
7000;0.943460;0.782231;0.003936;1.016130;1.381188;1.799337;7.943181
8000;0.865360;0.751380;0.000002;0.964384;1.318583;1.716098;4.725808
9000;0.838430;0.742108;0.000000;0.946765;1.289432;1.682829;4.307149
10000;0.818830;0.739588;0.000000;0.930355;1.273252;1.659101;4.388890
11000;0.818450;0.738586;0.000000;0.929467;1.271691;1.658932;4.627680
12000;0.813360;0.739017;0.000001;0.923986;1.268346;1.651873;4.136114
13000;0.810290;0.739889;0.000000;0.918679;1.261513;1.651350;4.305533
14000;0.806350;0.738029;0.000170;0.917723;1.262292;1.647599;4.531123
15000;0.806860;0.739157;0.000000;0.917242;1.262269;1.645861;4.552800
16000;0.805310;0.736058;0.000000;0.918652;1.257970;1.640603;4.900689
17000;0.804560;0.740618;0.000000;0.918116;1.260473;1.645986;4.264565
18000;0.807720;0.739750;0.000000;0.916927;1.261698;1.651301;4.771947
19000;0.804360;0.738640;0.000000;0.916907;1.259237;1.642470;4.259115
20000;0.806610;0.737072;0.000000;0.918591;1.262302;1.647053;4.304941
21000;0.804430;0.739158;0.000000;0.914157;1.258910;1.642157;4.303601
22000;0.806560;0.738756;0.000000;0.917002;1.258056;1.644664;4.728666
23000;0.805700;0.739900;0.000000;0.916304;1.260006;1.650412;4.348141
24000;0.803220;0.739969;0.000000;0.915539;1.257270;1.644006;4.299674
25000;0.806500;0.738251;0.000000;0.919896;1.264134;1.646683;4.622716
26000;0.802980;0.739000;0.000000;0.914621;1.258995;1.642568;4.390175
27000;0.803890;0.739813;0.000000;0.914284;1.258548;1.645944;4.356114
28000;0.806380;0.738388;0.000000;0.916373;1.259756;1.646186;4.776434
29000;0.806300;0.738806;0.000000;0.918390;1.259418;1.644207;4.492933
30000;0.804760;0.738333;0.000000;0.916529;1.256263;1.641969;4.626138
31000;0.806600;0.738026;0.000000;0.917461;1.260947;1.646904;4.357766
32000;0.803380;0.739817;0.000000;0.915413;1.258602;1.644065;4.318830
33000;0.804090;0.739733;0.000000;0.916492;1.257059;1.645641;4.457491
34000;0.806070;0.739144;0.000000;0.918675;1.257829;1.647019;4.482473
35000;0.802820;0.738207;0.000000;0.915894;1.258792;1.643557;4.402672
36000;0.809560;0.737482;0.000000;0.921267;1.260630;1.645914;4.146246
37000;0.809940;0.738866;0.001050;0.918299;1.261866;1.648802;4.051464
38000;0.805820;0.736506;0.000000;0.917886;1.258666;1.641957;4.335861
39000;0.805230;0.739071;0.000000;0.917221;1.257006;1.647304;4.386797
40000;0.802250;0.739049;0.000000;0.914115;1.259726;1.641097;4.425394
41000;0.804170;0.740042;0.000000;0.916780;1.260333;1.646823;4.444486
42000;0.806260;0.740023;0.000000;0.916367;1.259999;1.648135;4.476977
43000;0.801990;0.737949;0.000000;0.912636;1.254963;1.644161;4.493980
44000;0.803970;0.739150;0.000000;0.914631;1.258071;1.641311;4.499322
45000;0.804240;0.739708;0.000000;0.915288;1.259299;1.645009;4.297392
46000;0.805730;0.739488;0.000000;0.916750;1.260451;1.647955;4.474709
47000;0.803440;0.738183;0.000000;0.915269;1.258458;1.647192;4.718601
48000;0.804620;0.739409;0.000000;0.916576;1.259376;1.645047;4.453660
49000;0.805710;0.740442;0.000000;0.914411;1.260288;1.646655;4.396406
50000;0.805630;0.739527;0.000000;0.916501;1.259928;1.646879;4.217601
51000;0.803260;0.737730;0.000000;0.916734;1.258363;1.641537;4.049815
52000;0.801580;0.739561;0.000000;0.912574;1.253950;1.640448;4.299166
53000;0.801790;0.738780;0.000000;0.915258;1.255713;1.641951;4.353010
54000;0.804860;0.736769;0.000000;0.917531;1.258595;1.642375;4.531254
55000;0.806290;0.741019;0.000000;0.915812;1.259127;1.649317;4.503777
56000;0.804760;0.739604;0.000000;0.913642;1.259370;1.644556;4.585867
57000;0.801770;0.740821;0.000000;0.912593;1.255681;1.642265;4.577895
58000;0.805250;0.740047;0.000000;0.915952;1.260125;1.645317;4.788838
59000;0.810250;0.741374;0.000000;0.918688;1.262473;1.654568;4.339113
60000;0.803840;0.738628;0.000000;0.913799;1.256452;1.643181;4.270478
61000;0.804340;0.739661;0.000000;0.916269;1.259687;1.642012;4.885913
62000;0.802320;0.739717;0.000000;0.913847;1.255090;1.644336;4.594734
63000;0.802770;0.741166;0.000000;0.915148;1.258228;1.648539;4.240706
64000;0.801690;0.740061;0.000000;0.914123;1.257298;1.643582;4.299019
65000;0.809580;0.741410;0.000000;0.919731;1.262553;1.649443;4.335090
66000;0.806510;0.737336;0.000000;0.918652;1.259021;1.642743;4.203206
67000;0.803280;0.739475;0.000000;0.913032;1.258705;1.644682;4.770472
68000;0.805140;0.738671;0.000000;0.917141;1.258110;1.645074;4.725156
69000;0.805590;0.739117;0.000000;0.917648;1.262612;1.648715;4.383520
70000;0.806270;0.739824;0.000000;0.915590;1.257325;1.644460;4.831470
71000;0.802330;0.738733;0.000507;0.915590;1.257914;1.643203;4.412425
72000;0.797040;0.738932;0.000000;0.909814;1.252898;1.635462;4.705863
73000;0.804080;0.740626;0.000000;0.912395;1.258065;1.646378;4.553975
74000;0.801100;0.739502;0.000000;0.912428;1.254246;1.640837;4.707476
75000;0.804430;0.739160;0.000266;0.917261;1.261319;1.645823;4.784861
76000;0.804700;0.738538;0.000000;0.916073;1.257256;1.643326;4.338435
77000;0.802830;0.739893;0.000000;0.915754;1.257545;1.640604;5.013348
78000;0.808800;0.739425;0.000000;0.918665;1.263492;1.647257;4.576047
79000;0.806790;0.739447;0.000000;0.917933;1.256316;1.646433;4.629619
80000;0.806780;0.736879;0.000000;0.919671;1.257032;1.641942;4.699726
81000;0.803210;0.739835;0.000000;0.917054;1.259476;1.648616;4.639218
82000;0.804430;0.739616;0.000000;0.914567;1.258713;1.645412;4.314740
83000;0.806160;0.739023;0.000000;0.918280;1.257630;1.643814;4.249165
84000;0.803490;0.739508;0.000000;0.913853;1.255770;1.643323;4.702314
85000;0.802120;0.739231;0.000000;0.914004;1.256930;1.643059;4.424664
86000;0.804690;0.738167;0.000000;0.915348;1.258027;1.641801;4.611939
87000;0.803900;0.737695;0.000000;0.916516;1.258439;1.643497;5.100036
88000;0.806410;0.737058;0.000000;0.918297;1.261267;1.645470;4.784080
89000;0.801920;0.739644;0.000000;0.914302;1.255858;1.641376;4.804846
90000;0.805390;0.739146;0.000000;0.915118;1.257028;1.644192;4.665128
91000;0.804780;0.737913;0.000066;0.916500;1.259808;1.647517;4.467889
92000;0.804600;0.739702;0.000000;0.915490;1.259989;1.648371;4.934580
93000;0.805240;0.740022;0.000000;0.915606;1.256309;1.647713;4.636932
94000;0.804470;0.737968;0.000000;0.917078;1.257265;1.642690;4.500062
95000;0.806110;0.738363;0.000137;0.917037;1.258668;1.644198;4.392233
96000;0.803130;0.739009;0.000000;0.913536;1.254559;1.642984;4.668358
97000;0.802940;0.738019;0.000000;0.915277;1.257637;1.643718;5.681062
98000;0.805660;0.738104;0.000000;0.914974;1.260207;1.645567;4.266524
99000;0.805180;0.738152;0.000000;0.916424;1.255841;1.646467;4.919040
100000;0.807610;0.738642;0.000000;0.917839;1.258530;1.646371;4.283227
